# Result with standard deviation 0.3
-1.00
-1.00
-1.00
1.00
-1.00
-1.00
-1.00
1.00
1.00
1.00
1.00
1.00
-1.00
1.00
-1.00
-1.00
1.00
1.00
1.00
1.00
1.00
1.00
1.00
1.00
-1.00
1.00
1.00
0.00
1.00
1.00
1.00
1.00
1.00
-1.00
-1.00
-1.00
1.00
1.00
-1.00
-1.00
1.00
-1.00
-1.00
-1.00
-1.00
-1.00
1.00
1.00
0.75
-1.00
1.00
1.00
1.00
1.00
1.00
-1.00
1.00
1.00
1.00
1.00
1.00
1.00
1.00
1.00
0.75
1.00
0.75
0.75
1.00
1.00
1.00
-1.00
1.00
1.00
1.00
1.00
1.00
1.00
-1.00
1.00
1.00
1.00
0.75
1.00
0.75
0.75
.50
1.00
1.00
1.00
0.75
1.00
0.75
0.75
-1.00
1.00
1.00
1.00
1.00
1.00
1.00
1.00
1.00
1.00
-1.00
1.00
1.00
1.00
.50
.50
.50
.50
-1.00
-1.00
-1.00
1.00
1.00
1.00
.50
.50
.50
.50
-1.00
-1.00
1.00
1.00
1.00
.50
.50
.50
.50
-1.00
-1.00
