# Result with standard deviation 10
-1.00
1.00
-1.00
0.75
1.00
1.00
-1.00
-1.00
-1.00
1.00
-1.00
1.00
1.00
1.00
1.00
-1.00
1.00
-1.00
-1.00
1.00
-1.00
-1.00
-1.00
-1.00
-1.00
-1.00
-1.00
-1.00
-1.00
0.75
-1.00
-1.00
1.00
-1.00
-1.00
-1.00
-1.00
-1.00
-1.00
1.00
-1.00
1.00
-1.00
-1.00
-1.00
-1.00
0.60
-1.00
-1.00
-1.00
-1.00
-1.00
-1.00
0.43
1.00
-1.00
0.43
-1.00
-1.00
-1.00
-1.00
-1.00
-1.00
1.00
-1.00
-1.00
1.00
-1.00
-1.00
-1.00
-1.00
-1.00
-1.00
-1.00
-1.00
-1.00
-1.00
-1.00
-1.00
1.00
-1.00
-1.00
-1.00
-1.00
-1.00
-1.00
-1.00
-1.00
-1.00
-1.00
-1.00
-1.00
-1.00
-2.00
-1.00
-1.00
-1.00
-1.00
-1.00
-1.00
-1.00
-1.00
-1.00
-1.00
-1.00
-1.00
-1.00
1.00
1.00
1.00
-1.00
-1.00
-1.00
-1.00
1.00
-1.00
-1.00
-1.00
-1.00
-1.00
-1.00
-1.00
-1.00
-1.00
-1.00
-1.00
-1.00
-1.00
-2.00
-1.00
-1.00
-1.00
-1.00
-1.00
-1.00
-1.00
-1.00
-1.00
-1.00
-1.00
-1.00
-1.00
1.00
1.00
1.00
-1.00
-1.00

1.00
-1.00
-1.00
-1.00
-1.00
-1.00
-1.00
-1.00
-1.00
-1.00
-1.00
-1.00
-1.00
-1.00
-2.00
-1.00
-1.00
-1.00

1.00
-1.00
-1.00
-1.00
-1.00
-1.00
-1.00
-1.00
-1.00
-1.00
-1.00
-1.00
-1.00
-1.00
-2.00
-1.00
-1.00
-1.00
-1.00
-1.00
-1.00
-1.00
-1.00
-1.00
-1.00
-1.00
-1.00
-1.00
1.00
-1.00
-1.00
-1.00
-1.00
-1.00
-1.00
-1.00
-1.00
-1.00
-1.00
-1.00
-1.00
-1.00
-1.00
1.00
1.00
1.00
-1.00
-1.00
-1.00
-1.00
-1.00
-1.00
1.00
1.00
1.00
-1.00
-1.00
-1.00
-1.00
-1.00
-1.00
-1.00
1.00
1.00
1.00
-1.00
-1.00
-1.00
-1.00
-1.00
-1.00
-1.00
1.00
1.00
-1.00
-1.00
-1.00
-1.00
-1.00
-1.00
-1.00
-1.00
-1.00
-1.00
-1.00
-1.00
-1.00
-1.00
-1.00
-1.00
-1.00
-1.00
-1.00
-1.00
-1.00
-1.00
-1.00
-1.00
-1.00
-1.00
-1.00
-1.00
-1.00
-1.00
-1.00
