# Rewards on eacht moment!
-1.00
-1.00
-1.00
-1.00
-1.00
-1.00
-0.76
-0.71
1.00
1.00
-0.59
-0.55
-0.51
-0.47
-0.43
-1.00
-1.00
-1.00
-1.00
-1.00
-1.00
-1.00
-1.00
-1.00
-1.00
-1.00
-1.00
0.96
1.001
0.55
0.59
0.63
0.67
0.71
0.76
0.80
0.84
0.88
0.92
0.96
1.00
0.88
0.92
0.96
1.00
0.88
0.92
0.96
1.00
0.88
0.92
0.96
1.00
1.00
1.00
1.00
1.00
1.00
1.00
1.00
1.00
1.00
1.00
1.00
1.00
1.00
1.00
1.00
1.00
1.00
1.00
1.00
1.00
1.00
1.00
1.00
1.00
1.00
1.00
1.00
1.00
1.00
1.00
1.00
1.00
1.00
1.00
1.00
1.00
1.00
1.00
1.00
1.00
1.00
1.00
1.00
1.00
1.00
1.00
1.00
1.00
1.00
1.00
1.00
1.00
1.00
1.00
1.00
1.00
1.00
1.00
1.00
1.00
1.00
1.00
1.00
1.00
1.00
1.00
1.00
1.00
1.00
1.00
1.00
1.00
1.00
1.00
1.00
